all_spawn <- structure(c(20, 29, 839, 0, 20, 2219, 994, 15, 0, 105, 0, 603,
                         0, 0, 8, 0, 0, 0, 4774, 698, 0, 0, 0, 0, 14, 16, 11, 14, 10,
                         21, 0, 7, 10, 528, 0, 6, 1045, 783, 10, 0, 57, 0, 300, 0, 0,
                         7, 0, 0, 0, 4111, 562, 0, 0, 0, 0, 4, 4, 7, 3, 3, 6, 0, 5, 11,
                         435, 0, 10, 358, 510, 3, 0, 37, 0, 242, 0, 0, 5, 0, 0, 0, 5669,
                         751, 0, 0, 0, 0, 3, 7, 8, 3, 6, 0, 0, 2, 14, 823, 0, 18, 696,
                         643, 5, 0, 41, 0, 353, 0, 0, 9, 0, 0, 0, 4536, 630, 0, 0, 0,
                         0, 5, 3, 3, 3, 5, 7, 0, 7, 16, 1023, 0, 12, 646, 868, 8, 0, 51,
                         0, 385, 0, 0, 7, 0, 0, 0, 4327, 605, 0, 0, 0, 0, 9, 8, 4, 7,
                         9, 8, 0, 10, 10, 1069, 0, 13, 419, 1018, 7, 0, 69, 0, 332, 0,
                         0, 5, 0, 0, 0, 7253, 951, 0, 0, 0, 0, 7, 6, 11, 5, 7, 5, 0, 9,
                         30, 1041, 0, 16, 436, 952, 15, 0, 54, 0, 314, 0, 0, 9, 0, 0,
                         0, 5258, 692, 0, 0, 0, 0, 6, 13, 8, 8, 12, 8, 0, 14, 12, 980,
                         0, 20, 438, 840, 11, 0, 61, 0, 330, 0, 0, 8, 0, 0, 0, 6747, 957,
                         0, 0, 0, 0, 3, 9, 5, 5, 6, 7, 0, 2, 18, 908, 0, 11, 391, 839,
                         8, 0, 50, 0, 368, 0, 0, 7, 0, 0, 0, 4724, 657, 0, 0, 0, 0, 7,
                         8, 4, 6, 9, 6, 0, 6, 9, 739, 0, 4, 346, 719, 6, 0, 44, 0, 261,
                         0, 0, 2, 0, 0, 0, 3982, 552, 0, 0, 0, 0, 4, 1, 12, 10, 4, 7,
                         0, 7, 11, 777, 0, 14, 406, 725, 10, 0, 43, 0, 271, 0, 0, 13,
                         0, 0, 0, 4435, 595, 0, 0, 0, 0, 2, 6, 2, 6, 6, 7, 0, 9, 21, 943,
                         0, 9, 421, 750, 7, 0, 50, 0, 273, 0, 0, 5, 0, 0, 0, 5768, 824,
                         0, 0, 0, 0, 7, 7, 6, 5, 9, 8, 0, 4, 11, 901, 0, 10, 225, 720,
                         11, 0, 42, 0, 255, 0, 0, 4, 0, 0, 0, 4548, 656, 0, 0, 0, 0, 5,
                         5, 5, 11, 2, 4, 0, 8, 11, 1119, 0, 9, 203, 725, 11, 0, 41, 0,
                         362, 0, 0, 8, 0, 0, 0, 4192, 581, 0, 0, 0, 0, 8, 5, 9, 5, 3,
                         3, 0, 10, 8, 912, 0, 18, 244, 624, 9, 0, 36, 0, 261, 0, 0, 3,
                         0, 0, 0, 5352, 758, 0, 0, 0, 0, 6, 8, 5, 10, 10, 10, 0, 2, 7,
                         539, 0, 9, 128, 380, 5, 0, 41, 0, 138, 0, 0, 1, 0, 0, 0, 3908,
                         558, 0, 0, 0, 0, 7, 4, 2, 6, 3, 3, 0, 4, 6, 562, 0, 4, 82, 356,
                         2, 0, 51, 0, 192, 0, 0, 3, 0, 0, 0, 5689, 855, 0, 0, 0, 0, 2,
                         1, 5, 6, 4, 4, 0, 10, 11, 972, 0, 4, 209, 569, 8, 0, 46, 0, 247,
                         0, 0, 6, 0, 0, 0, 4699, 643, 0, 0, 0, 0, 11, 4, 6, 8, 6, 10,
                         0, 5, 19, 1749, 0, 23, 309, 921, 15, 0, 48, 0, 315, 0, 0, 10,
                         0, 0, 0, 5079, 736, 0, 0, 0, 0, 8, 8, 7, 9, 11, 10, 0, 7, 25,
                         1848, 0, 13, 256, 917, 6, 0, 63, 0, 395, 0, 0, 17, 0, 0, 0, 4222,
                         611, 0, 0, 0, 0, 5, 16, 8, 8, 7, 9, 0), .Dim = c(31L, 20L, 1L
                         ))
